cm	position	Distance from Core	mean all angles	corr std	std all angles
15	1	316	0.04	0.015625	0.25
15	2	1170	0.07	0.01625	0.26
15	3	1739	0.09	0.01875	0.3
15	4	2546	0.1	0.016875	0.27
15	5	3697	0.15	0.02	0.32
15	6	5164	0.27	0.0225	0.36
21  6	607	0.03	0.01125	0.18
21	2	4530	0.09	0.018125	0.29
21	3	3125	0.17	0.016875	0.27
21	4	1923	0.12	0.0175	0.28
21	5	1073	0	0.00875	0.14
21	1	5642	0.16	0.019375	0.31
3	6	397	0.06	0.013125	0.21
3	5	853	0.09	0.016875	0.27
3	4	2332	0.05	0.015625	0.25
3	3	3495	0.08	0.015625	0.25
3	2	5017	0.14	0.0175	0.28
3	1	5815	0.16	0.019375	0.31
9	6	412	0.02	0.01	0.16
9	3	5643	0.19	0.02	0.32
9	2	4212	0.07	0.0175	0.28
9	5	1209	0.05	0.01375	0.22
9	4	2895	0.06	0.013125	0.21
